0
Дима
4 0 0 0
3 4 4 0
3 2 2 0
2 6 6 1
2 4 8 1
2 8 8 1
1 7 1 0
1 1 9 1
1 9 2 0
1 2 6 1
0 0 1 0 0 1 0 1 1 0 
0 1 1 0 1 0 1 1 0 0 
0 0 0 0 0 1 0 0 1 0 
0 0 0 1 1 1 1 1 0 0 
1 1 0 1 1 1 1 1 0 1 
0 0 0 1 1 1 1 1 0 0 
0 1 0 0 0 0 0 0 1 1 
0 0 1 0 0 1 0 1 1 1 
0 0 1 0 1 0 0 1 1 1 
1 0 0 1 1 0 0 1 1 1 
Леша
4 2 2 0
3 6 6 1
3 6 9 1
2 3 7 1
2 4 4 0
2 0 0 0
1 7 0 0
1 0 4 0
1 4 2 0
1 6 4 0
1 1 1 1 0 0 1 0 1 1 
1 1 1 1 1 1 1 1 0 1 
0 1 1 1 1 1 1 1 1 0 
1 1 1 1 1 1 1 1 1 1 
0 1 1 1 1 1 1 1 1 0 
0 1 1 1 1 1 1 1 1 1 
1 1 0 1 1 1 1 1 1 1 
1 1 1 1 1 1 1 1 1 1 
1 1 1 0 1 1 1 1 1 1 
0 1 0 1 0 1 1 1 1 1 
59
