1
Коля
4 6 6 1
3 6 9 1
3 8 1 0
2 1 1 0
2 1 5 1
2 5 3 0
1 3 3 0
1 4 7 1
1 6 0 0
1 1 9 1
1 1 1 1 1 1 1 1 0 0 
1 1 1 1 1 1 1 0 0 0 
1 1 1 1 1 1 1 0 0 1 
1 0 0 0 1 1 1 1 1 0 
0 0 0 1 0 0 1 1 1 0 
0 0 1 0 0 1 1 1 1 1 
0 1 0 0 0 1 1 1 1 1 
1 1 1 1 1 1 1 1 1 1 
1 1 1 1 1 1 1 1 1 1 
1 1 1 1 1 1 1 1 1 1 
Бот Максим
4 4 4 0
3 2 2 0
3 6 6 1
2 8 8 1
2 8 1 0
2 1 9 1
1 0 0 0
1 6 9 1
1 2 6 1
1 6 0 0
1 1 0 0 1 0 0 0 1 1 
1 1 0 1 0 1 0 1 1 1 
0 0 0 0 0 0 0 0 1 1 
1 0 0 1 1 1 1 1 1 1 
0 1 0 1 1 1 1 1 1 0 
0 0 0 1 1 1 1 1 1 1 
0 0 1 0 0 0 0 0 1 1 
0 0 1 1 0 1 0 1 1 1 
1 0 0 1 0 0 0 1 1 1 
0 0 0 0 0 0 0 1 1 1 
39
