0
Миша
4 3 3 0
3 5 5 1
3 7 7 1
2 1 1 0
2 0 8 1
2 9 3 0
1 3 1 0
1 9 9 1
1 1 4 0
1 8 1 0
1 1 1 1 0 0 0 1 0 0 
1 1 1 1 0 1 0 0 0 0 
1 1 1 1 1 1 1 1 1 0 
0 0 1 1 1 1 1 1 0 0 
0 1 1 1 1 1 1 1 0 0 
0 0 0 0 1 1 1 1 0 0 
0 1 0 0 1 1 1 0 1 0 
0 1 0 0 1 1 1 0 0 0 
0 0 1 0 1 1 1 0 1 1 
1 0 0 0 0 0 0 0 1 1 
Артем
4 2 2 0
3 5 5 1
3 7 7 1
2 1 9 1
2 9 3 0
2 0 0 0
1 4 2 0
1 6 9 1
1 9 9 1
1 7 1 0
0 0 0 0 0 0 0 0 0 0 
1 0 1 0 1 0 0 0 0 0 
0 1 1 1 1 0 1 0 0 0 
0 1 1 1 0 0 0 0 0 0 
0 0 0 0 0 0 0 0 0 0 
0 1 0 1 0 0 0 0 0 0 
0 0 0 0 1 0 1 1 1 0 
0 0 1 0 0 0 1 1 1 0 
1 0 0 0 0 0 1 1 1 0 
0 1 0 0 0 0 1 1 1 0 
33
